2

2

2

2

3

4

2

3

5

4

5

3

4

5

5

5

9

9

8

12

10

14

13

14

14

16

17

19

20

21

24

26

27

28

31

34

35

38

41

41

45

47

50

53

55

59

62

54

63

62

63

63

62

63

63

63

64

64

64

64

64

64

64

64

64

64

64

53

64

64

64

64

64

64

64

64

64

64

64

64

64

64

64

64

64

64

64

64

64

64

64

64

64

64

64

64

64

64

64

64

64

64

64

64

64

64

64

64

64

64

64

64

64

64

64

64

64

64

64

64

64

64

64

64

64

64

64

64

64

64

64

64

64

64

64

64

64

64

64

64

64

64

64

64

64

64

64
