2

2

2

3

3

3

2

3

3

4

3

6

7

6

7

8

9

10

10

12

11

11

13

14

15

16

17

20

21

22

23

25

28

29

31

33

36

37

39

42

46

47

50

53

54

54

63

41

54

63

63

63

63

63

63

64

64

63

63

63

63

64

63

64

63

64

63

64

64

63

63

64

64

64

64

64

63

64

63

63

63

63

63

63

63

63

64

64

64

64

64

64

64

64

64

64

63

63

64

64

64

64

64

63

64

54

64

64

64

64

64

64

64

64

64

63

64

64

64

63

64

64

63

64

64

64

63

63

63

63

64

63

63

64

64

64

64

64

63

64

64

63

63

63

64

63

64

64

64

64

64

64

63

64

64

64

63

64

64

64

64

