2

2

2

3

2

4

4

3

4

4

6

4

4

5

7

8

6

10

8

10

12

10

14

15

17

15

17

18

20

22

23

24

25

28

29

33

34

40

71

54

73

54

61

56

58

67

66

47

63

62

61

62

61

61

62

62

63

63

64

64

63

63

63

63

63

63

63

64

63

63

63

63

63

63

63

63

64

63

63

63

63

63

63

63

63

63

63

63

63

63

63

64

63

63

63

63

63

63

63

63

63

63

63

63

63

63

63

63

63

63

63

63

63

63

63

63

64

64

63

63

63

63

63

63

63

63

63

63

63

63

63

63

63

63

63

63

63

63

